[0, 0, 0, 0]
[0, 0, 0, 0]
[0, 0, 0, 0]
[0, 0, 0, 0]
[0, 0, 0, 0]
[0, 0, 0, 0]

10
[0, 0, 0, 0]
[0, 1, 1, 1]
[0, 1, 1, 1]
[0, 1, 1, 1]
[0, 1, 1, 1]
[0, 1, 1, 1]

0001
[0, 0, 0, 0]
[0, 1, 1, 1]
[0, 1, 1, 1]
[0, 1, 1, 1]
[0, 1, 2, 2]
[0, 1, 2, 2]

111001
这个字符串不使用，所以和上一个数组一样
[0, 0, 0, 0]
[0, 1, 1, 1]
[0, 1, 1, 1]
[0, 1, 1, 1]
[0, 1, 2, 2]
[0, 1, 2, 2]

1
[0, 1, 1, 1]
[0, 1, 2, 2]
[0, 1, 2, 2]
[0, 1, 2, 2]
[0, 1, 2, 3]
[0, 1, 2, 3]

0
[0, 1, 1, 1]
[1, 2, 2, 2]
[1, 2, 3, 3]
[1, 2, 3, 3]
[1, 2, 3, 3]
[1, 2, 3, 4]